0
1
2
3
4
5
6
7
8
9
10
11
C:/Users/Zhan/Desktop/Test Project/images/DSC00562.JPG##30
12
13
14
15
16
17
18
19
20
21
22
29
30
31
32
34
35
36
37
38
####0####0

C:/Users/Zhan/Desktop/Test Project/images/DSC00563.JPG##30
12
13
14
15
16
17
18
19
20
21
22
29
30
31
33
34
35
36
37
38
####1####1
0	
C:/Users/Zhan/Desktop/Test Project/images/DSC00564.JPG##30
12
13
14
15
16
17
18
19
20
21
22
29
30
31
33
34
35
36
37
38
####2####2
0	1	
C:/Users/Zhan/Desktop/Test Project/images/DSC00565.JPG##30
12
13
14
15
16
17
18
19
20
21
22
29
30
31
33
34
35
36
37
38
####3####3
1	0	2	
C:/Users/Zhan/Desktop/Test Project/images/DSC00566.JPG##30
12
13
14
15
16
17
18
19
20
21
22
29
30
31
32
34
35
36
37
38
####4####4
3	1	0	2	
C:/Users/Zhan/Desktop/Test Project/images/DSC00567.JPG##30
12
13
14
15
16
17
18
19
20
21
22
29
30
31
33
34
35
36
37
38
####5####5
4	3	1	0	2	
C:/Users/Zhan/Desktop/Test Project/images/DSC00568.JPG##30
12
13
14
15
16
17
18
19
20
21
22
29
30
31
33
34
35
36
37
38
####6####6
2	0	3	1	5	4	
C:/Users/Zhan/Desktop/Test Project/images/DSC00569.JPG##30
12
13
14
15
16
17
18
19
20
21
22
29
30
31
33
34
35
36
37
38
####7####7
6	2	0	1	3	5	4	
C:/Users/Zhan/Desktop/Test Project/images/DSC00570.JPG##30
12
13
14
15
16
17
18
19
20
21
22
29
30
31
33
34
35
36
37
38
####8####8
7	6	2	0	3	1	5	4	
C:/Users/Zhan/Desktop/Test Project/images/DSC00571.JPG##30
12
13
14
15
16
17
18
19
20
21
22
29
30
31
33
34
35
36
37
38
####9####9
2	0	1	3	7	8	6	5	4	
C:/Users/Zhan/Desktop/Test Project/images/DSC00572.JPG##30
12
13
14
15
16
17
18
19
20
21
22
29
30
31
33
34
35
36
37
38
####10####10
6	7	0	9	8	2	3	1	5	4	
C:/Users/Zhan/Desktop/Test Project/images/DSC00573.JPG##30
12
13
14
15
16
17
18
19
20
21
22
29
30
31
33
34
35
36
37
38
####11####11
10	7	6	9	0	8	2	3	1	5	4	
C:/Users/Zhan/Desktop/Test Project/images/DSC00574.JPG##30
12
13
14
15
16
17
18
19
20
21
22
29
30
31
33
34
35
36
37
38
####12####12
10	11	7	6	0	9	8	2	3	1	5	4	
C:/Users/Zhan/Desktop/Test Project/images/DSC00575.JPG##30
12
13
14
15
16
17
18
19
20
21
22
29
30
31
33
34
35
36
37
38
####13####13
12	10	11	7	6	8	9	0	2	3	1	5	4	
C:/Users/Zhan/Desktop/Test Project/images/DSC00576.JPG##30
12
13
14
15
16
17
18
19
20
21
22
29
30
31
33
34
35
36
37
38
####14####14
13	12	10	11	7	6	0	9	2	8	1	3	5	4	
C:/Users/Zhan/Desktop/Test Project/images/DSC00577.JPG##30
12
13
14
15
16
17
18
19
20
21
22
29
30
31
33
34
35
36
37
38
####15####15
14	13	12	11	10	7	9	0	6	2	8	1	3	5	4	
C:/Users/Zhan/Desktop/Test Project/images/DSC00578.JPG##30
12
13
14
15
16
17
18
19
20
21
22
29
30
31
33
34
35
36
37
38
####16####16
14	15	13	12	10	11	0	9	7	2	6	1	3	8	5	4	
C:/Users/Zhan/Desktop/Test Project/images/DSC00579.JPG##30
12
13
14
15
16
17
18
19
20
21
22
29
30
31
33
34
35
36
37
38
####17####17
15	14	16	13	12	10	11	0	9	7	2	6	8	1	3	5	4	
C:/Users/Zhan/Desktop/Test Project/images/DSC00580.JPG##30
12
13
14
15
16
17
18
19
20
21
22
29
30
31
33
34
35
36
37
38
####18####18
14	13	16	15	12	11	10	17	7	0	9	6	2	8	1	3	5	4	
C:/Users/Zhan/Desktop/Test Project/images/DSC00581.JPG##30
12
13
14
15
16
17
18
19
20
21
22
29
30
31
33
34
35
36
37
38
####19####19
18	11	14	13	12	10	16	15	17	7	9	6	0	2	8	1	3	5	4	
C:/Users/Zhan/Desktop/Test Project/images/DSC00582.JPG##30
12
13
14
15
16
17
18
19
20
21
22
29
30
31
33
34
35
36
37
38
####20####20
12	14	13	18	19	10	16	11	15	17	9	0	7	6	2	8	3	1	5	4	
C:/Users/Zhan/Desktop/Test Project/images/DSC00583.JPG##30
12
13
14
15
16
17
18
19
20
21
22
29
30
31
33
34
35
36
37
38
####21####21
20	14	13	18	16	15	19	12	10	17	11	7	0	9	6	2	8	1	3	5	4	
C:/Users/Zhan/Desktop/Test Project/images/DSC00584.JPG##30
12
13
14
15
16
17
18
19
20
21
22
29
30
31
33
34
35
36
37
38
####22####22
17	10	12	21	13	14	20	15	19	11	16	18	0	7	9	6	2	8	3	1	5	4	
C:/Users/Zhan/Desktop/Test Project/images/DSC00585.JPG##30
12
13
14
15
16
17
18
19
20
21
22
29
30
31
33
34
35
36
37
38
####23####23
17	15	14	13	21	16	22	18	19	12	20	10	11	0	6	7	9	2	8	3	1	5	4	
C:/Users/Zhan/Desktop/Test Project/images/DSC00586.JPG##30
12
13
14
15
16
17
18
19
20
21
22
29
30
31
33
34
35
36
37
38
####24####24
23	21	13	14	15	12	19	22	18	20	17	16	10	11	7	6	0	9	2	8	1	3	5	4	
C:/Users/Zhan/Desktop/Test Project/images/DSC00587.JPG##30
12
13
14
15
16
17
18
19
20
21
22
29
30
31
33
34
35
36
37
38
####25####25
22	23	24	17	10	12	15	11	21	14	13	19	18	16	20	7	6	0	9	2	8	3	1	5	4	
C:/Users/Zhan/Desktop/Test Project/images/DSC00588.JPG##30
12
13
14
15
16
17
18
19
20
21
22
29
30
31
33
34
35
36
37
38
####26####26
10	11	22	25	12	19	24	6	23	13	20	14	0	7	18	21	17	16	2	8	9	15	3	1	5	4	
C:/Users/Zhan/Desktop/Test Project/images/DSC00589.JPG##30
12
13
14
15
16
17
18
19
20
21
22
29
30
31
33
34
35
36
37
38
####27####27
26	10	11	22	25	12	19	24	20	13	23	0	6	14	7	18	9	2	16	3	17	21	8	15	1	5	4	
C:/Users/Zhan/Desktop/Test Project/images/DSC00590.JPG##30
12
13
14
15
16
17
18
19
20
21
22
29
30
31
33
34
35
36
37
38
####28####28
27	26	10	11	22	12	19	25	0	7	6	20	9	13	17	2	24	14	8	16	23	18	21	3	15	1	5	4	
C:/Users/Zhan/Desktop/Test Project/images/DSC00591.JPG##30
12
13
14
15
16
17
18
19
20
21
22
29
30
31
33
34
35
36
37
38
####29####29
28	26	27	11	10	22	19	12	25	24	6	7	13	23	14	8	17	20	0	18	21	2	9	15	16	3	1	5	4	
C:/Users/Zhan/Desktop/Test Project/images/DSC00592.JPG##30
12
13
14
15
16
17
18
19
20
21
22
29
30
31
32
34
35
36
37
38
####30####30
26	29	27	28	11	10	12	19	22	6	25	24	13	7	20	14	23	18	8	0	17	21	16	2	9	15	3	1	5	4	
C:/Users/Zhan/Desktop/Test Project/images/DSC00593.JPG##30
12
13
14
15
16
17
18
19
20
21
22
29
30
31
33
34
35
36
37
38
####31####30
27	30	26	29	28	11	10	22	25	12	19	24	20	6	13	0	23	14	7	18	16	9	2	3	8	17	21	15	1	5	
C:/Users/Zhan/Desktop/Test Project/images/DSC00594.JPG##30
12
13
14
15
16
17
18
19
20
21
22
29
30
31
33
36
37
38
####32####30
26	31	27	29	28	11	10	12	19	22	25	24	6	20	13	14	18	7	0	23	16	21	17	8	2	9	3	15	1	5	
C:/Users/Zhan/Desktop/Test Project/images/DSC00595.JPG##30
12
13
14
15
16
17
18
19
20
21
22
29
30
31
33
34
35
36
37
38
####33####30
26	32	30	27	29	31	28	10	11	12	19	25	22	24	13	6	14	20	23	21	18	16	7	0	17	15	8	2	9	3	
C:/Users/Zhan/Desktop/Test Project/images/DSC00596.JPG##30
12
13
14
15
16
17
18
19
20
21
22
29
30
31
33
36
37
38
####34####30
32	26	29	31	27	28	10	11	12	25	6	19	22	24	13	14	23	7	20	18	21	8	17	0	16	15	2	9	3	1	
C:/Users/Zhan/Desktop/Test Project/images/DSC00597.JPG##30
12
13
14
15
16
17
18
19
20
21
22
29
30
31
33
34
35
36
37
38
####35####30
33	34	26	30	32	29	27	31	28	11	10	22	25	19	12	24	13	23	14	6	20	7	21	18	0	16	17	2	15	8	
C:/Users/Zhan/Desktop/Test Project/images/DSC00598.JPG##30
12
13
14
15
16
17
18
19
20
21
22
29
30
31
33
34
35
36
37
38
####36####30
32	27	31	26	30	33	35	34	29	28	11	10	12	22	19	25	24	20	13	14	6	0	7	18	23	21	16	2	9	8	
C:/Users/Zhan/Desktop/Test Project/images/DSC00599.JPG##30
12
13
14
15
16
17
18
19
20
21
22
29
30
31
33
34
35
36
37
38
####37####30
34	30	26	32	29	31	27	28	10	11	12	6	19	25	22	24	13	23	14	7	20	18	8	17	0	21	16	2	15	9	
C:/Users/Zhan/Desktop/Test Project/images/DSC00600.JPG##30
12
13
14
15
16
17
18
19
20
21
22
29
30
31
33
36
37
38
####38####30
34	26	29	32	27	31	28	25	6	11	10	22	23	24	12	19	7	13	17	8	14	21	15	0	20	18	9	2	16	3	
C:/Users/Zhan/Desktop/Test Project/images/DSC00601.JPG##30
12
13
14
15
16
17
18
19
20
21
22
29
30
31
33
34
35
36
37
38
####39####30
32	31	27	30	26	37	34	29	38	28	11	10	12	25	22	19	6	24	0	13	7	23	20	14	8	2	9	18	17	3	
C:/Users/Zhan/Desktop/Test Project/images/DSC00602.JPG##30
12
13
14
15
16
17
18
19
20
21
22
29
30
31
32
34
35
36
37
38
####40####30
28	29	31	27	37	33	39	36	32	30	34	26	35	38	10	12	25	22	19	11	20	13	16	14	24	21	0	23	6	18	
C:/Users/Zhan/Desktop/Test Project/images/DSC00603.JPG##30
12
13
14
15
16
17
18
19
20
21
22
29
30
31
32
34
35
36
37
38
####41####30
28	29	31	27	32	30	39	26	34	37	38	10	12	22	11	25	19	20	24	13	14	17	23	21	6	7	0	9	18	16	
C:/Users/Zhan/Desktop/Test Project/images/DSC00604.JPG##30
12
13
14
15
16
17
18
19
20
21
22
29
30
31
33
36
37
38
####42####30
28	29	31	27	32	34	26	38	10	12	22	19	13	11	20	25	14	24	16	21	23	0	17	6	18	7	9	15	2	8	
C:/Users/Zhan/Desktop/Test Project/images/DSC00605.JPG##30
12
13
14
15
16
17
18
19
20
21
22
29
30
31
33
36
37
38
####43####30
29	42	28	38	34	27	26	32	31	10	22	12	24	11	13	25	19	23	6	14	17	20	7	8	21	18	16	0	15	9	
C:/Users/Zhan/Desktop/Test Project/images/DSC00606.JPG##30
12
13
14
15
16
17
18
19
20
21
22
29
30
31
33
34
35
36
37
38
####44####30
39	27	32	26	30	31	34	29	37	38	43	28	41	42	10	22	11	25	12	6	24	7	19	0	23	8	17	2	13	9	
C:/Users/Zhan/Desktop/Test Project/images/DSC00607.JPG##30
12
13
14
15
16
17
18
19
20
21
22
29
30
31
33
34
35
36
37
38
####45####30
34	38	37	26	44	30	32	29	39	43	27	31	41	28	22	25	42	10	6	11	24	12	23	7	19	13	14	17	8	0	
C:/Users/Zhan/Desktop/Test Project/images/DSC00608.JPG##30
12
13
14
15
16
17
18
19
20
21
22
29
30
31
33
34
35
36
37
38
####46####30
45	38	44	34	37	29	26	30	43	39	32	27	31	41	25	23	22	10	24	28	11	6	17	12	42	19	13	14	7	15	
C:/Users/Zhan/Desktop/Test Project/images/DSC00609.JPG##30
12
13
14
15
16
17
18
19
20
21
22
29
30
31
33
36
37
38
####47####30
34	43	38	29	26	32	27	31	10	28	11	12	24	42	19	22	13	25	23	14	6	17	20	7	18	8	21	16	0	15	
C:/Users/Zhan/Desktop/Test Project/images/DSC00610.JPG##30
12
13
14
15
16
17
18
19
20
21
22
29
30
31
33
34
35
36
37
38
####48####30
46	47	45	38	44	34	37	29	43	26	30	39	32	27	31	41	25	22	23	10	28	24	11	17	42	12	6	19	13	14	
C:/Users/Zhan/Desktop/Test Project/images/DSC00611.JPG##30
12
13
14
15
16
17
18
19
20
21
22
29
30
31
33
34
35
36
37
38
####49####30
40	42	28	41	43	29	31	27	37	33	44	36	39	30	32	26	34	45	35	38	47	48	46	10	25	12	22	16	19	13	
C:/Users/Zhan/Desktop/Test Project/images/DSC00612.JPG##30
12
13
14
15
16
17
18
19
20
21
22
29
30
31
33
36
37
38
####50####30
28	42	43	29	27	31	32	26	47	34	38	10	11	12	22	19	25	20	13	24	16	14	0	23	6	21	7	18	9	17	
C:/Users/Zhan/Desktop/Test Project/images/DSC00613.JPG##30
12
13
14
15
16
17
18
19
20
21
22
29
30
31
33
36
37
38
####51####30
47	29	43	27	32	34	26	31	38	28	50	42	10	11	22	25	12	24	19	23	13	6	14	17	20	7	0	8	18	16	
C:/Users/Zhan/Desktop/Test Project/images/DSC00614.JPG##30
12
13
14
15
16
17
18
19
20
21
22
29
30
31
33
36
37
38
####52####30
38	34	26	51	29	47	32	43	27	31	22	28	25	10	42	23	24	11	50	6	12	19	13	17	7	14	15	21	20	8	
C:/Users/Zhan/Desktop/Test Project/images/DSC00615.JPG##30
12
13
14
15
16
17
18
19
20
21
22
29
30
31
33
36
37
38
####53####30
51	32	47	27	26	31	34	29	43	38	52	28	50	42	10	11	12	22	25	24	19	13	23	6	14	20	17	0	7	16	
C:/Users/Zhan/Desktop/Test Project/images/DSC00616.JPG##30
12
13
14
15
16
17
18
19
20
21
22
29
30
31
33
34
35
36
37
38
####54####30
38	45	52	46	34	37	48	53	26	47	44	51	30	32	29	39	43	27	31	41	28	25	10	42	50	11	22	6	23	24	
C:/Users/Zhan/Desktop/Test Project/images/DSC00617.JPG##30
12
13
14
15
16
17
18
19
20
21
22
29
30
31
33
36
37
38
####55####30
53	51	27	31	32	29	26	43	28	47	50	34	42	38	52	10	11	22	12	25	19	24	20	13	23	14	6	17	0	16	
